<<<<<<< HEAD
9
No	x	y	z
1	0 	0	0
2	100 	0	0
3	100	100	0
4	0	100	0
5	0 	0	100
6	100 	0	100
7	100	100	100
8	0	100	100
9	50	50	200

20
No	node1	node2	Radius	E
1	1	5	1.5	200.0
2	2	6	1.5	200.0
3	3	7	1.5	200.0
4	4	8	1.5	200.0
5	5	6	1.5	200.0
6	6	7   	1.5	200.0
7	7	8   	1.5	200.0
8	8	5   	1.5	200.0
9	5	9   	1.5	200.0
10	6	9   	1.5	200.0
11	7	9   	1.5	200.0
12	8	9   	1.5	200.0
13	1	6   	1.5	200.0
14	2	5   	1.5	200.0
15	2	7   	1.5	200.0
16	3	6   	1.5	200.0
17	3	8   	1.5	200.0
18	4	7   	1.5	200.0
19	4	5   	1.5	200.0
20	1	8	1.5	200.0
	
12
No	node	dof	val
1	1	ux	0.0
2	1	uy	0.0
3	2	ux	0.0
4	2	uy	0.0
5	3	ux	0.0
6	3	uy	0.7
7	4	ux	0.0
8	4	uy	0.7
9	1	uz	0.0
10	2	uz	0.0
11	3	uz	0.0
12	4	uz	0.0

3
No	node	dof	val
1	9	fx	1
2	9	fy	1
3	9	fz	1


=======
6
0.0 	0.0
100.0 	0.0
200.0 	0.0
50.0 	100.0
150.0 	100.0
100.0 	200.0

9
1	2	1.5		200
2	3	1.5		200
1	4	1.5		200
4 	2	1.5		200
2 	5	1.5		200
4 	5	1.5		200
5 	3	1.5		200
4 	6	1.5		200
6 	5	1.5		200

4
3	uy 	0 
1 	ux 	0
1 	uy 	0
2 	uy 	0

2
6	fx	1
6	fy	0	                 
>>>>>>> cf0c515250c58f5118eddfe5721cd3d6246ff16c
